9
32
49
64
81
81
125
128
225
243
245
250
256
256
289
343
375
512
512
513
539
625
625
625
676
729
729
729
729
961
968
1025
1029
1216
1331
1331
1331
1369
1587
1681
2048
2048
2048
2057
2187
2187
2187
2197
2197
2304
2312
2401
2401
2401
2401
2500
2673
3025
3072
3125
3125
3136
3211
3481
3584
3773
3773
3888
3969
3993
4000
4096
4096
4096
4107
4131
4225
4235
4375
4913
5041
5120
5312
5427
5632
5776
5832
6144
6250
6400
6561
6561
6561
6561
6561
6561
6561
6561
6625
6655
6656
6859
6860
6875
6912
7744
8000
8019
8192
8192
8576
8748
9261
9317
9375
9376
9409
9801
9826
9984
10000
10648
10935
10976
10985
10985
11776
11907
11979
12032
12032
12167
12167
12168
12288
12393
12769
14337
14641
14641
14641
14641
14641
14641
14739
14884
15129
15309
15625
15625
15625
15625
15625
15625
15625
15625
15625
15625
15625
15625
15625
15625
15625
15633
16129
16384
16384
16384
16384
16384
16384
16393
16641
16767
16807
16807
16807
16807
16810
16875
16875
16928
17161
17408
17496
17536
17577
18225
18225
18225
18259
18432
18571
18785
19456
19683
19683
19683
19683
19712
19747
19773
19808
20000
20480
20577
21025
21141
21296
21632
21875
21952
24057
24064
24300
24576
25000
25921
26411
27875
28125
28126
28561
28561
28561
28566
28577
28593
28672
29376
29403
29791
29792
29929
30375
30625
30976
31104
31213
32000
32768
32768
32768
32769
32805
32928
33275
33614
33615
34295
34391
34391
34643
34992
35721
35721
35937
36352
36864
36875
40625
40625
41472
41503
41553
42875
43923
43923
44217
45125
45625
45927
46225
46656
49248
49729
50176
50301
50421
50625
50625
50653
50653
50653
50653
50933
51984
52488
52822
53125
53125
54043
54675
54925
55297
55566
55566
55808
57122
58564
59049
59049
59049
59049
59049
59049
59049
59049
59049
59049
59050
59168
59177
59319
59375
59392
59536
60025
60025
60025
60025
60500
61009
61516
62001
62073
62208
62500
63001
64009
64009
64827
65025
65536
65536
65536
65536
65536
65536
65536
65536
65536
65625
66049
66049
66875
67228
68608
68921
69169
69632
69984
69984
70227
71875
72361
73205
74431
75625
75625
76545
77841
78125
78125
78125
78125
78125
78125
78125
78125
78125
78125
78125
78141
78246
78368
78732
79233
79507
79507
80000
80000
81133
81250
81920
82944
83521
83521
83521
83521
83521
83521
84035
84321
85169
85184
85293
85293
85805
85849
87808
87808
87808
87808
87808
88209
88209
90112
90112
90625
91125
91136
93347
94041
94932
97200
98415
99856
100000
101251
101331
102400
102487
103823
104448
105625
106496
107649
107653
109503
110473
110593
111537
113569
114244
116603
116875
117369
117649
117649
117649
117649
117649
117649
117649
117649
117649
117649
117649
117649
117649
117649
117649
117649
118098
118459
